1.46738929999998   -78.8174659
1.46476907455137   -78.8172429176446
1.48165079999999   -78.8025875
1.47512179999999   -78.84965
1.49022989999999   -78.8644903
1.5554135   -78.87111
1.5415252   -78.9036661
1.562254   -78.9132567
1.5994097   -78.9876483
1.6511779   -79.0083328
1.6829034   -78.9554206
1.74025319999998   -78.9253757
1.79536349999999   -78.8705227
1.81874349999999   -78.8318024
1.81111219999999   -78.841154
1.80746899999999   -78.8096445
1.8207466   -78.8016254
1.80133669999999   -78.7862739
1.82465669999999   -78.76131
1.74282320000001   -78.7241645
1.79373029999999   -78.7167835
1.7709136   -78.6977096
1.78658109999999   -78.6947674
1.7956571   -78.6043693
1.76695859999999   -78.5962528
1.75519519999998   -78.5601342
1.8579901   -78.53414
1.8968634   -78.5524472
1.8944654   -78.5975801
1.94702539999999   -78.60288
1.9620128   -78.5856658
1.99354429999999   -78.6011058
2.00262809999998   -78.6329388
1.9763771   -78.6501425
1.97540009999999   -78.67172
2.05483919999999   -78.6701595
2.10681990000001   -78.68792
2.0933779   -78.6584587
2.1231494   -78.6687358
2.11456999999999   -78.70315
2.16930869999999   -78.7114656
2.2461928   -78.6804083
2.2526533   -78.6543129
2.2744489   -78.6669236
2.37866909999999   -78.6211017
2.44809639999998   -78.5705757
2.44173919999999   -78.5575977
2.48881959999998   -78.5490927
2.5030441   -78.5305077
2.49033530000001   -78.5109803
2.52434139999999   -78.5057461
2.55814899999999   -78.4648693
2.5981058   -78.450224
2.6041439   -78.3956946
2.65412159999998   -78.3369535
2.62793779999998   -78.3428063
2.5996426   -78.3254733
2.60459009999998   -78.2860097
2.67017209999999   -78.3064739
2.65567409999999   -78.284734
2.6666471   -78.2377293
2.62994379999999   -78.237359
2.58317109999998   -78.1861244
2.64380889999999   -78.1894974
2.6693061   -78.2083037
2.6822501   -78.1444499
2.66154199999999   -78.1336692
2.64779160000001   -78.1458481
2.64160329999998   -78.1226706
2.62349819999999   -78.1218711
2.6481608   -78.1048182
2.63621139999998   -78.0806162
2.59532089999999   -78.0571096
2.57900331977343   -78.0652489901006
2.58780879999998   -78.0473557
2.57223749999999   -78.0337048
2.5626625   -78.0486627
2.57734879066158   -78.0660742875826
2.5693726   -78.0700529
2.55585009999998   -78.0502601
2.57886289999999   -78.0256393
2.6183151   -78.0567147
2.6502766   -78.0322946
2.64215469999999   -78.0132934
2.66164489999999   -77.9709626
2.6396228   -77.9723806
2.61963419999999   -77.9329676
2.6371887   -77.9342381
2.64098409999998   -77.9161999
2.60916   -77.89269
2.62605000000001   -77.8808201
2.6223185   -77.9013095
2.68060309999999   -77.9073871
2.66902759999999   -77.8785652
2.68956630000001   -77.882336
2.69754429999999   -77.8578152
2.6850983   -77.8508123
2.70364339999999   -77.8420657
2.68909919999999   -77.808312
2.6470236   -77.7926097
2.63883999999999   -77.8046701
2.6517421   -77.7720882
2.65233679999998   -77.7885213
2.68734810000001   -77.7771689
2.70130479999998   -77.7970554
2.75836   -77.79419
2.77121599999999   -77.7345119
2.7821018   -77.7289803
2.7950199   -77.7636699
2.82340899999998   -77.7372668
2.81931039999999   -77.7215144
2.86261999999999   -77.70504
2.85395999999998   -77.66634
2.8967528   -77.6990894
2.93458309999999   -77.6809608
2.9413114   -77.6545735
2.96429959999998   -77.6725393
2.97775579999999   -77.6613107
2.99353890000001   -77.6798742
2.96845009999998   -77.7031965
3.04559530000001   -77.666925
3.13978249999999   -77.5771218
3.21022579999999   -77.5401657
3.23945699999999   -77.5424554
3.30254779999999   -77.4958125
3.360232   -77.4344732
3.34295289999998   -77.4465455
3.35756599999999   -77.4135454
3.45048719999999   -77.3645419
3.4801101   -77.36982
3.56529989999999   -77.30235
3.57706009999999   -77.233397
3.61167999999999   -77.1948899
3.65530579999998   -77.187617
3.64000990000001   -77.14712
3.69798329999999   -77.1725731
3.67790989999998   -77.18915
3.74822999999998   -77.19471
3.75179739999999   -77.1381011
3.77017589999999   -77.1446328
3.77158999999998   -77.1264099
3.80920979999999   -77.1475617
3.79324999999999   -77.12287
3.81008859999998   -77.1369865
3.81581999999999   -77.1084625
3.84843009999999   -77.10608
3.8635581   -77.0677237
3.8520992   -77.0600754
3.9054944   -77.0445768
3.90793989999999   -77.10699
3.89509   -77.0936199
3.89009669395128   -77.0983282530335
3.88632999999999   -77.0951501
3.87626859999999   -77.0970686
3.8729626   -77.1103054
3.87964572548199   -77.1081828160455
3.87531499999999   -77.1122664
3.85092729999998   -77.1831409
3.83139829999999   -77.1810613
3.8394699   -77.2812501
3.87418999999999   -77.3041699
3.89669009999999   -77.27499
3.90223   -77.32066
3.94989999999998   -77.3177201
3.95020999999999   -77.29745
3.98646999999999   -77.27318
3.9768699   -77.25263
3.96909989999999   -77.26595
3.95055   -77.2653899
3.97223999999998   -77.2513401
3.96893   -77.23465
3.9880899   -77.24907
4.00854989999999   -77.2098701
4.05279989999999   -77.18357
4.05557009999999   -77.21026
4.07102009999999   -77.21363
4.05259999999999   -77.2569399
4.06603990000001   -77.2415899
4.07580989999999   -77.25111
4.04402989999999   -77.2784701
4.05435989999999   -77.27465
4.06231999999999   -77.28211
4.03982999999999   -77.3087299
3.9725399   -77.32445
3.92646000000001   -77.3587
3.98858999999999   -77.3882399
3.98480999999999   -77.40375
4.02167989999998   -77.4390001
4.0521201   -77.4236999
4.07785   -77.4330101
4.0643401   -77.4548199
4.1278653   -77.5261713
4.27903010000001   -77.51471
4.29252999999999   -77.4829401
4.26620999999999   -77.4969699
4.2618299   -77.49643
4.25395999999999   -77.48958
4.28544868052269   -77.4269202129242
4.28751999999999   -77.4387901
4.2929399   -77.4354699
4.29244   -77.42828
4.2856402231766   -77.4265390593887
4.29262999999999   -77.41263
4.31070009999999   -77.4392499
4.35756   -77.4066799
4.37411709999999   -77.3684676
4.4306341   -77.3344201
4.43437999999998   -77.35148
4.5127825   -77.3395376
4.5241462   -77.3196823
4.53592999999999   -77.3365399
4.65833   -77.32744
4.67355999999998   -77.31811
4.6437199   -77.30492
4.67733999999999   -77.304
4.68588999999998   -77.32804
4.73586989999999   -77.3271801
4.74013   -77.2857199
4.78126999999999   -77.3097399
4.78321009999999   -77.34724
4.8082599   -77.3272901
4.80174999999999   -77.3483299
4.86302   -77.36215
4.87578999999998   -77.35603
4.8789   -77.3498799
4.86407999999999   -77.35368
4.85641000000001   -77.33593
4.93075009999998   -77.36804
4.96690989999999   -77.34069
4.95677989999999   -77.3265199
4.95925   -77.32178
4.96233989999999   -77.32192
4.9692399   -77.33992
4.95058999999999   -77.3663101
4.96033989999999   -77.3756
5.0798599   -77.37938
5.09126   -77.3632199
5.1514499   -77.3864399
5.15225   -77.38015
5.1369649   -77.37906
5.12156479999998   -77.3641099
5.14998489999999   -77.37706
5.135895   -77.3554201
5.13424479999999   -77.3497599
5.13962490000001   -77.35569
5.1369601   -77.3338401
5.14806999999999   -77.3255299
5.14049999999999   -77.3528601
5.1505699   -77.3451999
5.17525999999999   -77.35557
5.14306   -77.3577599
5.17981999999998   -77.3774301
5.19556010000001   -77.3695201
5.19543   -77.33534
5.20597999999999   -77.3397499
5.19372999999999   -77.37851
5.1586601   -77.3848
5.16918999999999   -77.3957601
5.28874989999998   -77.3885
5.2581799   -77.36551
5.24397999999999   -77.3727799
5.23572990000001   -77.37404
5.26024999999999   -77.3639801
5.24943999999999   -77.3607401
5.24795989999999   -77.3435001
5.26768999999999   -77.3712001
5.29221999999999   -77.35626
5.32304999999999   -77.37694
5.32930009999999   -77.3607699
5.32606779999999   -77.40428
5.34468999999999   -77.37805
5.36749   -77.3869701
5.34871999999999   -77.40094
5.40405999999999   -77.4123401
5.38897000000001   -77.38491
5.4420301   -77.38948
5.4558499   -77.4083
5.43247009999999   -77.4244
5.46968   -77.4294401
5.4897599   -77.4621699
5.46864989999999   -77.49164
5.4802999   -77.5395
5.52833989999999   -77.5068
5.60800999999999   -77.4876001
5.59605639999999   -77.4604682
5.6303899   -77.4041299
5.60608999999999   -77.36212
5.6186901   -77.33735
5.67054999999999   -77.3158301
5.70523499999999   -77.2687005
5.7823401   -77.2557099
5.78287   -77.25172
5.77513990000001   -77.2524601
5.7702699   -77.24755
5.75969989999998   -77.2471301
5.74839000000001   -77.2424501
5.74709000000001   -77.24463
5.74298   -77.24243
5.7631   -77.2354401
5.7713   -77.24731
5.78601009999999   -77.2409299
5.81044999999999   -77.24874
5.78905989999998   -77.2512301
5.87332990000001   -77.30714
5.91893000000001   -77.3062899
6.03879999999999   -77.3478401
6.0592099   -77.36324
5.99527829999999   -77.3498401
5.99422819999999   -77.3547301
6.04434179999999   -77.3732099
6.13287   -77.45441
6.19171989999999   -77.4827399
6.29633989999999   -77.47319
6.22817299999998   -77.409044
6.23592000000001   -77.3953
6.35709999999999   -77.3701099
6.38394989999999   -77.41207
6.39398999999999   -77.35856
6.42507989999998   -77.3759883
6.54999999999999   -77.3252801
6.62074009999999   -77.4003201
6.68690989999999   -77.4063
6.68435989999999   -77.42639
6.70670989999999   -77.4473022
6.70399   -77.4937299
6.6508701   -77.50454
6.64818   -77.5269401
6.74131999999999   -77.5475201
6.81786009999999   -77.5873399
6.85557999999998   -77.65764
6.8752399   -77.6657399
6.87193   -77.68401
6.83507009999999   -77.68999
6.84221009999999   -77.70214
6.93930649999999   -77.6985836
6.96505009999999   -77.65657
7.04139999999998   -77.6808499
7.08451   -77.7081701
7.0754799   -77.71147
7.07363   -77.71945
7.10237989999999   -77.73534
7.1071401   -77.75806
7.08787999999999   -77.7484101
7.22442789999999   -77.893366
7.22471246421336   -77.8933216211764
7.47248122379462   -77.8181844730774
7.46584333383159   -77.8107485784815
7.47334705907488   -77.7886166949951
7.46111609715651   -77.7791714487718
7.46147906110343   -77.7543892657027
7.50693695240592   -77.7014639427605
7.58057705752733   -77.7362368290934
7.60300441885253   -77.73619901002
7.61353517234741   -77.7485868676195
7.63798528205212   -77.7398491345139
7.6460838734071   -77.7470549705655
7.67646087887895   -77.7436493674919
7.70003959779476   -77.728579320117
7.69256991368359   -77.6907366209636
7.65146898967966   -77.6452019175269
7.59442604771011   -77.6302012200919
7.56023409865513   -77.6076439843185
7.54166254655636   -77.61227902169
7.53453171929858   -77.5932791144417
7.51354099703333   -77.5834693318761
7.50778535225553   -77.564857586662
7.54261605158347   -77.5338854722962
7.58272663296551   -77.5166149118013
7.5679904279914   -77.5041548296529
7.56710608116237   -77.4911711195254
7.61755858576886   -77.4812223675854
7.63757109330706   -77.4656631875383
7.66274087689933   -77.4656860047465
7.65841669972594   -77.4404112754071
7.6851853836502   -77.4363942789511
7.71690465732624   -77.4164276946256
7.7253056457384   -77.3980045057897
7.75724380897664   -77.3885079657636
7.77244492669977   -77.3990463718562
7.77930244587744   -77.3879529865811
7.76822672151234   -77.3819629304351
7.76569641891843   -77.3422243368745
7.8304567809047   -77.3664810953339
7.84261993347337   -77.3615037100077
7.84589764809667   -77.3452663019211
7.89364022601793   -77.3348150324111
7.9121671206709   -77.2986295452938
7.90557258538885   -77.2758265304587
7.9179187790587   -77.2566861266999
7.91746376007819   -77.178741375622
7.93334285985688   -77.1773764753793
7.92936500136077   -77.1533080038035
7.95905703423751   -77.1789515813985
7.96479157776819   -77.1658950179015
7.95419776026504   -77.1393778286926
7.99854028813892   -77.2024481854645
8.02587159755483   -77.2191323257419
8.0255752995346   -77.235167523058
8.0372376790512   -77.2190387212893
8.04160639302998   -77.2269350024682
8.06342613122157   -77.2244088500578
8.06766470672675   -77.2305510808129
8.08645425534521   -77.2180306318775
8.11753291075069   -77.2322466509117
8.13710927155896   -77.2277696271987
8.1565257710257   -77.2581948472196
8.17155877806781   -77.2472819334851
8.18721878814194   -77.2513324371012
8.20904465879414   -77.2797401308255
8.24360582678513   -77.2910059926351
8.25301622165587   -77.28421724437
8.26635197922925   -77.2946950141809
8.27229131308649   -77.3012730176804
8.26379374702107   -77.3144176160753
8.26674855396363   -77.3295964494311
8.29781180079239   -77.3502411719646
8.31737597971293   -77.3557550311785
8.34722778751551   -77.3496390312296
8.35393478452139   -77.3663249681375
8.39443152966362   -77.3556354654142
8.42986940460675   -77.3849783053493
8.46214032461882   -77.3977898982683
8.47500210695197   -77.4119680982291
8.47216971737262   -77.4477005649486
8.49636652610127   -77.4472994671742
8.51004051597211   -77.4574354280195
8.51342371144558   -77.4480288991849
8.55495912122499   -77.4448619784823
8.56571821575483   -77.435004495375
8.56043051309906   -77.4248788651555
8.57551038928719   -77.4270743477099
8.58774232371286   -77.4161164283796
8.58765767408004   -77.3941614231727
8.64483281265822   -77.4092398248797
8.65112261868382   -77.3933724328586
8.64158240636515   -77.3849360845309
8.6415676636186   -77.3644814455115
8.6728412899877   -77.3682136398767
8.67284989999999   -77.3673001
8.55208010000001   -77.2764899
8.50502000000001   -77.27664
8.47005989999999   -77.24807
8.41183439999999   -77.130989
8.25278579999999   -77.0369611
8.25755879999999   -76.9659332
8.25102959999999   -76.9442617
8.23578709999999   -76.955163
8.24374349999999   -76.9683582
8.18737480000001   -76.9589861
8.18177429999998   -76.9391934
8.2109006   -76.9430602
8.2043274   -76.9249933
8.17866869999999   -76.9384741
8.18060767240027   -76.9221010700411
8.18083140000001   -76.9318031
8.19164079999999   -76.9276838
8.19582709999998   -76.9184695
8.18033300000001   -76.9101898
8.18044293543884   -76.9149571908911
8.17803939999999   -76.9102562
8.16690669999999   -76.9434383
8.14483929999998   -76.9504609
8.09134490000001   -76.9313367
8.11676249999999   -76.8868166
8.13297269999998   -76.8949111
8.13997949999998   -76.8332242
8.13321039999999   -76.8340762
8.13773029999999   -76.8235681
8.13039899999999   -76.8084505
8.1271333   -76.8054139
8.12151029999999   -76.8529077
8.09172860000001   -76.854852
8.09062549999999   -76.8294666
8.0694065   -76.8725561
8.05059359999999   -76.8302141
8.04234929999999   -76.8369029
8.0571706   -76.8523042
8.05475390000001   -76.8724634
8.05212309999999   -76.8753521
8.05304089999999   -76.8657437
8.0193072   -76.8371099
8.02152439999998   -76.8736586
8.04595969999998   -76.8921156
8.0261018   -76.9236835
7.9182004   -76.9229132
7.90084849999999   -76.8630819
7.9176001   -76.7527301
7.98234990000001   -76.7265901
8.01783999999999   -76.74509
8.06145279999999   -76.7157037
8.09116699999999   -76.734876
8.06541069999999   -76.7439398
8.11211509999999   -76.7400342
8.11978999999999   -76.74433
8.11855999999998   -76.7501799
8.10080999999999   -76.7428599
8.12291999999998   -76.75459
8.17039999999999   -76.73954
8.26404989999999   -76.77423
8.3267499   -76.75354
8.39346989999998   -76.75812
8.4967083   -76.8258911
8.5317091   -76.9038068
8.52721630000001   -76.9281666
8.55417999999999   -76.93733
8.58939819999999   -76.8937573
8.62309049999999   -76.8859172
8.67121999999998   -76.64908
8.73081999999999   -76.63172
8.7689901   -76.5306099
8.80321999999998   -76.5101499
8.85987999999999   -76.4206
8.8879799   -76.4165599
8.92423999999999   -76.33208
8.95697409999999   -76.3228552
8.9990326   -76.2640522
9.05797469999998   -76.2510645
9.11846339999999   -76.1873968
9.22982479999999   -76.1705892
9.26752009999998   -76.1055701
9.30358999999999   -76.10984
9.33382   -76.08541
9.38589329999999   -75.9668742
9.44160159999999   -75.9523419
9.44805039999999   -75.9228141
9.4237188   -75.8818112
9.4298044   -75.795164
9.40963839999998   -75.7920097
9.4053956   -75.8367424
9.39339939999999   -75.8247535
9.39270809999999   -75.7847785
9.42093879999999   -75.7456181
9.40323139999998   -75.6782734
9.4324524   -75.632069
9.54370479999999   -75.5790985
9.6308907   -75.5768059
9.69443929999998   -75.6128075
9.69931139999998   -75.7037759
9.75796689999999   -75.6437777
9.80561540000001   -75.623343
9.87676010000001   -75.61876
9.9772067   -75.5745305
10.124873   -75.5812407
10.1234657   -75.5635324
10.1614159   -75.5322407
10.1587666   -75.5446835
10.1869799   -75.53999
10.1722987   -75.535234
10.1729751   -75.520445
10.221034   -75.5242313
10.2161997   -75.5498312
10.2368179   -75.5225498
10.2440726   -75.5432783
10.1770417   -75.6381634
10.1885943   -75.6371657
10.1380286   -75.6688591
10.1414271   -75.7045558
10.1637826   -75.6541784
10.2388166   -75.6047125
10.2256285   -75.5863891
10.2357998   -75.5882809
10.2513531   -75.6222126
10.2619322   -75.5841602
10.2980184   -75.5867236
10.2611259   -75.5652099
10.28004   -75.5313
10.308481   -75.5296786
10.29449   -75.52352
10.3013325   -75.503172
10.3841678   -75.5063987
10.3864673   -75.5255438
10.4047644   -75.5238722
10.4223046   -75.5490289
10.3902822   -75.5448734
10.3966323   -75.56637
10.4254854   -75.5540962
10.4882677   -75.491382
10.5699082   -75.5138456
10.59093   -75.4618976
10.6269227   -75.452485
10.6826166   -75.3943215
10.7144991   -75.2751682
10.8012669   -75.2611294
10.7972166   -75.2216351
10.8175166   -75.209332
10.831881   -75.1549191
10.8622838   -75.1303829
10.8946755   -75.0524105
10.9465049   -75.0259487
10.9447248   -75.0506539
10.9694426   -75.0221619
10.989973   -74.9593459
11.0455446   -74.921307
11.0536681   -74.8527323
11.1066357   -74.854617
10.99336   -74.5443399
10.9767102   -74.3476599
11.0099876   -74.2613261
11.0655542   -74.2176476
11.2213519   -74.2414751
11.2646332   -74.1913356
11.2742254   -74.2066305
11.3037209   -74.1942785
11.2972612   -74.1500429
11.3243408   -74.1607667
11.3368197   -74.1447725
11.31558   -74.1349589
11.3342553   -74.1240074
11.3189557   -74.1052176
11.3477959   -74.1070981
11.3156232   -74.0840361
11.3453754   -74.0650426
11.3280786   -74.0570243
11.3487345   -74.0458421
11.3390967   -73.9758496
11.2739262   -73.8572276
11.2561646   -73.7891805
11.2513194   -73.5316856
11.2626459   -73.35813
11.2860253   -73.2763481
11.4917431   -73.0289905
11.5683029   -72.878032
11.678407   -72.7697238
11.71314   -72.64037
11.7450901   -72.5954199
11.74361   -72.55779
11.7764027   -72.5144502
11.779617   -72.4438511
11.89026   -72.24928
11.8766399   -72.25125
11.8868401   -72.22814
11.9052999   -72.2206299
11.8914099   -72.23515
11.8951999   -72.2408699
12.1043291   -72.1386787
12.1996806   -72.148459
12.2166504   -72.1788652
12.2401297   -72.1392774
12.230777   -72.0835979
12.257702   -71.9613036
12.228023   -71.9646471
12.1864823   -72.0009689
12.17198   -71.98156
12.1486835   -71.9858277
12.1504   -71.92938
12.18162   -71.92227
12.1907999   -71.8688501
12.2166877   -71.8616623
12.2767161   -71.8935167
12.2726608   -71.9558258
12.3721735   -71.8226403
12.366761   -71.806573
12.3390234   -71.8396765
12.3086311   -71.8171674
12.3323918   -71.756723
12.3663372   -71.7369973
12.3809197   -71.7620149
12.4125482   -71.7217596
12.39554   -71.7115599
12.3770286   -71.7245224
12.3648868   -71.6919582
12.3923759   -71.6955289
12.41296   -71.62832
12.4050499   -71.67448
12.4354604   -71.6526215
12.4170491   -71.699183
12.4443489   -71.6850529
12.4151982   -71.7084967
12.4136255   -71.7362809
12.4584093   -71.6683968
12.4366652   -71.6092447
12.43635   -71.5246799
12.3810101   -71.4377001
12.3539704   -71.303447
12.2923333   -71.222737
12.2601809   -71.2196221
12.0908401   -71.11694
12.0460499   -71.11371
12.0022577   -71.1363075
11.96384   -71.21967
11.91349   -71.2676399
11.9059   -71.28301
11.916366   -71.2901578
11.9290825   -71.3125442
11.914999   -71.3119652
11.9211883   -71.3270157
11.901432   -71.3283309
11.9166706   -71.3007504
11.91382   -71.29014
11.8531189   -71.3236014
11.8531188888049   -71.3236014002909
11.8304389629098   -71.3867253916704
11.8121287457487   -71.3784052853404
11.6868394315713   -71.7826937857574
11.6462668867368   -71.9713630821253
11.1401859504932   -72.2494163662306
11.1513727612005   -72.3493135174011
11.1152869777962   -72.43789414178
11.1276576221549   -72.4435884725345
11.0858856749276   -72.4976401930115
11.059112750444   -72.4816348197628
11.0118848764066   -72.5260426765071
10.9402035486391   -72.5537743879801
10.882702081749   -72.6124041926396
10.8795455209674   -72.6489658043663
10.7639707810616   -72.6799521121136
10.740116404965   -72.7165668142737
10.7025357055193   -72.7111718920034
10.6514627490692   -72.7351135214611
10.5702061235918   -72.820644814608
10.539005971636   -72.8416282918351
10.4857971878643   -72.845608547196
10.4530778832545   -72.8907178085142
10.4022238664225   -72.8989575156263
10.3839984166981   -72.8858265716237
10.3451045001307   -72.9075664303201
10.2174451520755   -72.897276138909
10.1380760663902   -72.9215763758282
10.1127244336112   -72.9116328341167
10.0660028187516   -72.9540886517487
10.0263678271344   -72.9528136728659
9.9238652155007   -72.9990362163157
9.88876683084919   -72.9774660493765
9.87502509864862   -72.9928074777987
9.83762660560734   -72.9454358094374
9.67826322566009   -73.0548161157363
9.5562768849089   -73.0851896826284
9.5504668150307   -73.1366679993109
9.50040099006666   -73.1767797530405
9.48063104959856   -73.1720170650672
9.46926325199522   -73.2032590333444
9.44553751369872   -73.189262472734
9.40289818058412   -73.2408941318356
9.32670408063034   -73.2656003174317
9.32212762777784   -73.2840830645709
9.21305399084494   -73.3337528929235
9.217529804927   -73.3529630957798
9.17726432798881   -73.3490308104551
9.15817429092017   -73.2506614240883
9.18364686637284   -73.2137819884141
9.17677906165911   -73.177356651116
9.22830899863954   -73.1312982298686
9.22555777075697   -73.0903609243929
9.26338686647355   -73.0730448193132
9.25831858010716   -73.0514544402801
9.29109654912027   -73.0091633736712
9.25293679832261   -72.9858207408449
9.22078696235445   -72.9962190097532
9.21306640502061   -72.9708427707867
9.18124034754814   -72.9559152860474
9.14235999762263   -72.9869131820619
9.09165122577813   -72.9476972283337
9.08317280773713   -72.9315913336047
9.10294151534512   -72.8872920831782
9.13296197666791   -72.8811967444809
9.12162651423849   -72.8244472035426
9.14053829290165   -72.8219190748385
9.10322961335496   -72.7963398166178
9.11527843055349   -72.7849047122086
9.10558113372016   -72.7663842358274
8.61466447775967   -72.6551091130998
8.5951131646816   -72.6169563155103
8.57804089099952   -72.6191853052248
8.37571008743838   -72.4091308050347
8.36448006027279   -72.415477402517
8.35763459566395   -72.3918629394857
8.32663981746083   -72.3955688493588
8.31045626859263   -72.3802293073987
8.25256629233547   -72.3937190385257
8.16537420381785   -72.3543421965301
8.10508186869997   -72.37334866148
8.08002645327008   -72.3509029964649
8.01638470551853   -72.3471337553642
8.0044008624902   -72.351346045563
8.03431666740258   -72.3831617678122
8.03388615018978   -72.4162346823015
7.99538085732998   -72.4192230179256
7.94383000755538   -72.4876622458246
7.91042362530729   -72.4576108147935
7.85761060352502   -72.444416988721
7.75859230022119   -72.4738182191495
7.63262813099356   -72.47648190363
7.55972882507724   -72.4527626970366
7.48830121785878   -72.4762010004407
7.46170530105542   -72.4470800443808
7.40238510914376   -72.4285928954967
7.39624930670323   -72.3534856529067
7.37593125214278   -72.3257150443819
7.3910883677549   -72.2940137674999
7.3842135253412   -72.1964543021933
7.32699588554837   -72.1538435251748
7.25210345281336   -72.1738216977675
7.03910439032586   -72.0475817203848
7.00957656976057   -71.9421707998319
7.02566157763201   -71.8349592062919
7.05657984786647   -71.824656697793
7.06626298061023   -71.7669844972264
7.05461816326994   -71.7188224012467
7.03246697273039   -71.7050054138616
7.05519693419445   -71.5877243348074
7.01554437412064   -71.5882881174797
7.03474801622279   -71.5403061337145
7.02162791798366   -71.5120430687509
7.03628166285065   -71.4984616196334
7.01511605425855   -71.4781751452351
7.04222959972341   -71.4652262897407
7.00977673415722   -71.4549728292562
7.03895880109394   -71.4246243253606
7.01535196903566   -71.3698455084926
7.03206282967614   -71.2644762697689
7.01182928357196   -71.240948583994
7.02741012193024   -71.2279200479339
7.03308517808093   -71.1309895829892
7.00862656785486   -71.1036014771123
6.9899275865351   -71.1116709534781
6.97429297715176   -71.0222167174854
7.0163641900767   -70.9697778322695
7.02369191644987   -70.9215635441718
7.05301441485658   -70.9181549766577
7.04194448564061   -70.906544341442
7.06437818401996   -70.8863213779344
7.05701802523415   -70.8491336404547
7.07790910923069   -70.8538158393785
7.07678870876388   -70.7771458875203
7.097096703552   -70.762305090206
7.08840675854126   -70.7377270942009
7.10438071971597   -70.6872141969542
7.06876886915985   -70.6419426100642
7.07931994700557   -70.5563347804551
7.0056678634511   -70.5023373182213
7.00728425777857   -70.4311065755769
6.9808713037858   -70.4166709184557
6.98091303327906   -70.3721116057544
6.93456791405861   -70.3223875191587
6.94124221255909   -70.2658459382087
6.97471972945731   -70.2243327228044
6.97970350062471   -70.1178650241512
6.19440828917365   -69.4987435248701
6.10779795300099   -69.4304605143506
6.1399707133514   -69.3421343826918
6.0886533131668   -69.3088688694056
6.07953415772253   -69.2386089360887
6.19090977446581   -69.1237279758106
6.2216982199007   -69.0461774054794
6.19286837665767   -69.0139031831092
6.16735418158623   -68.8822195947678
6.17992071251451   -68.8296113771208
6.1474098983369   -68.7927117293527
6.1520718512828   -68.7064544177932
6.1319505926812   -68.6868898295573
6.12915253413368   -68.6448449013363
6.16632629322558   -68.5884686103986
6.14897898137853   -68.5419956166476
6.17906691305298   -68.5100846729783
6.18772925195593   -68.4485675931641
6.18588467766397   -68.3735695857127
6.16298959436725   -68.306972892293
6.19703284928553   -68.2573880445663
6.22867501444437   -68.1418538294136
6.22709625555627   -68.0776859110275
6.19610915028366   -68.0275379094492
6.23635138166559   -67.9298070455864
6.31204437220113   -67.8456663444993
6.32431582620071   -67.8099921784417
6.29137027933521   -67.7617674698867
6.29135027825935   -67.6252591199858
6.26252275025591   -67.5866349763667
6.26482406779352   -67.5433642969406
6.19344297956117   -67.4546805459672
6.16284160378463   -67.4863778702619
6.12857982662626   -67.4936800057119
5.99429478107896   -67.4101296774296
5.90429128138453   -67.5323668517378
5.82824454819109   -67.5971468821585
5.67500782888654   -67.6379301265629
5.56599399430344   -67.6200994664884
5.54408845150645   -67.5988858408855
5.47595740937982   -67.6249701319589
5.35816999326486   -67.8003084295105
5.30395790198256   -67.8495067321704
5.2739213513164   -67.849323565684
5.25104306030269   -67.8238678258148
5.19613632358943   -67.8244432865859
5.13522499629165   -67.8542829847046
5.05400508732251   -67.8059265831289
4.94347805265528   -67.8387322488212
4.7072327229205   -67.8178440828457
4.64509375889001   -67.8449353853526
4.55747565855607   -67.8392981874502
4.53117848270352   -67.8575932765265
4.48698231425541   -67.8010682245778
4.43706395477326   -67.7978245877499
4.41899686950399   -67.7731820927075
4.38421915257865   -67.779999137904
4.34934451164733   -67.7616097257228
4.32728455075231   -67.8040120037638
4.22966641852228   -67.7970136785429
4.1720983678343   -67.7766461761061
4.12288591272016   -67.7332027506508
3.78554994639971   -67.6344265172918
3.75211991153237   -67.6068202106324
3.76744875867051   -67.501285951391
3.70475205404548   -67.4792126380612
3.6764839539952   -67.447956566234
3.58523614987908   -67.4440718017878
3.53887687763706   -67.4120438974685
3.47999657675612   -67.4014681214601
3.45102221615864   -67.3391502834017
3.37789339897047   -67.3107846308327
3.29258348108235   -67.3816027772671
3.24553974932007   -67.3827215391219
3.24847198642036   -67.4348524818584
2.86622851167251   -67.8643305513259
2.78947212537524   -67.8641106437444
2.79425634698607   -67.8371452850402
2.83126460658824   -67.815380453179
2.83754368519054   -67.7504224665005
2.81693440956082   -67.7355652300165
2.7958344243244   -67.6557546780934
2.81155003130797   -67.6143861812814
2.72309900543747   -67.5631763710372
2.65689774985631   -67.5632645855981
2.67338374681241   -67.5231866983548
2.66311762334444   -67.4901338162963
2.61942996582301   -67.467627425168
2.52251191596685   -67.3425434897244
2.44194762051971   -67.2970916109569
2.39859635182797   -67.2217570047685
2.35031019180017   -67.1879020169928
2.3026999522873   -67.2173904738354
2.2542470520909   -67.2219708936376
2.13283581947507   -67.1615787740538
2.13699051640833   -67.1217264537783
2.11930429552571   -67.1080215761407
2.05128591089251   -67.0971583392414
1.97688591489707   -67.1229955037802
1.92056647147802   -67.0653204286047
1.84548273377177   -67.0353933244088
1.78641225519982   -67.0330720777146
1.63203448132475   -66.9596815156327
1.59121672551231   -66.9639426741829
1.53099923190284   -66.9190569137074
1.42358459613559   -66.9110480736233
1.36976231234881   -66.8549185498942
1.32138458120637   -66.8553832483907
1.28659726070322   -66.8812117891027
1.23239092628011   -66.8517739972421
1.22895925535301   -66.8511906312966
1.16703602411911   -67.0867525244847
1.25828745953302   -67.0995545952618
1.32001672066961   -67.1392312948992
1.3440724014012   -67.1339508179961
1.38545727142919   -67.0801702090719
1.45441062116101   -67.0826005112415
1.54303807281345   -67.1278622166634
1.58171215205671   -67.1181450504036
1.60352685424704   -67.1404305458035
1.63986325081188   -67.1272552250259
1.67503733412067   -67.1592205167699
1.83149705934842   -67.1538362844515
1.84905877430093   -67.1990282806073
1.84126867291567   -67.2283067113365
1.94157457251867   -67.3308300872402
1.9711261932882   -67.3291114304386
1.9738030231335   -67.3459755930989
2.00526523504839   -67.3529731996676
2.06387181183509   -67.3267155337443
2.09998017750141   -67.3589824797607
2.15688051628058   -67.3495545710224
2.17440472202012   -67.3699968132908
2.20850720851728   -67.3676587681009
2.22972664782118   -67.3973873446189
2.22127161866638   -67.4369037848097
2.16960443226876   -67.4492286705078
2.16312394961644   -67.4951862109488
2.04769243465671   -67.5509489525475
2.02764349430348   -67.6216105226278
2.0285042594826   -67.7320484155107
1.9725965828476   -67.8138507120816
1.94713014703687   -67.8350435866015
1.90233219919411   -67.8366374674101
1.86214189082307   -67.8903486365629
1.81165198958933   -67.9016231221993
1.84428123138219   -67.945912042
1.85052235495656   -67.9908486471206
1.89121409687439   -68.0335168264857
1.89774136910449   -68.0904290523219
1.97854115221741   -68.1441655539657
1.97670492231237   -68.1803351409025
2.03479120693793   -68.1958300015752
1.95676123251474   -68.2122679136332
1.8308394692205   -68.2855468151254
1.81908837205339   -68.27443519405
1.82918373091182   -68.22688080836
1.77044431145496   -68.2395420233004
1.77969997125851   -68.1920708216057
1.76606809749671   -68.1777576946893
1.73749068954119   -68.1932626164932
1.74337705826803   -68.170397887398
1.7294475332813   -68.1644987407587
1.72936840034599   -69.1644987376277
1.72935046963109   -69.3910885232575
1.7571660497421   -69.4665352391934
1.74352458314463   -69.4760900798814
1.77140271521001   -69.5135119183242
1.76367234966275   -69.5346668839391
1.77690701751763   -69.534642898921
1.71766346711425   -69.6546498258733
1.73496605604306   -69.7209645381254
1.69243755133263   -69.7823580097564
1.7149065172226   -69.8426514943221
1.07271882148544   -69.842657602866
1.06362469038163   -69.8062723304296
1.10340719282297   -69.7736560295992
1.11816733191519   -69.7096262721038
1.07505950974938   -69.7038623219148
1.06993929114118   -69.6771822681449
1.09825828145844   -69.609891087179
1.07079748162055   -69.5619975874692
1.0738867857241   -69.4394312704409
1.04264978752773   -69.4231235242676
1.08793770888016   -69.3764103210096
1.08864707030959   -69.3202983144285
1.05243278194639   -69.2873393961487
1.05655202759784   -69.2449390045698
0.99974120902839   -69.1977320872317
0.972451109427531   -69.2167865222177
0.94155642838933   -69.1646015009011
0.932974533553082   -69.1886341296972
0.91323598852156   -69.1884623718149
0.872042184151386   -69.1357624361774
0.848012352689864   -69.142285552613
0.842691401979979   -69.1661464235268
0.767511188322216   -69.1488085792171
0.740562716437894   -69.190007384272
0.644839587675043   -69.1156324483017
0.632824110028727   -69.1224989008389
0.653078856079351   -69.1582045079314
0.649817463765774   -69.1942532714624
0.605905330042919   -69.1997483558869
0.603894204039317   -69.2948389812982
0.649971335274938   -69.2891387216628
0.62615685708051   -69.3196695835611
0.642779162158997   -69.3360542255228
0.614160110097965   -69.3527671118892
0.712580469377766   -69.4333769847521
0.735767817582977   -69.4800238923421
0.702135834952118   -69.5320428151626
0.678918496729557   -69.5352063222672
0.68396182100608   -69.561558940116
0.654201497463592   -69.5970067307219
0.640175468669061   -69.58697147102
0.634057691016137   -69.6059599696642
0.61327972179601   -69.6052884789893
0.66759331955278   -69.6710956431058
0.64077227205476   -69.7155264967214
0.615182154411484   -69.7229503538924
0.619360155985432   -69.7488404292015
0.571623925913202   -69.8027243443834
0.591254876833264   -69.8226827540398
0.576892999042711   -69.8874078973966
0.590042574944737   -69.9163197256584
0.55266050478549   -69.9356422179252
0.577818216809571   -69.9778123712968
0.573759473986849   -70.0001361349279
0.544125373420877   -70.0055081501584
0.563584488469679   -70.043017664173
-0.189978602108825   -70.0432276902864
-0.325733475900828   -69.9205353396237
-0.342156107089523   -69.8892844780252
-0.337321459225427   -69.8446012876462
-0.375686054833404   -69.8281606806424
-0.391296178971795   -69.773598717084
-0.445865847003717   -69.7264553106365
-0.500797746621055   -69.6078316993902
-0.534323660639336   -69.6136508959692
-0.561209726759124   -69.5911313894377
-0.595311810478075   -69.6029735205021
-0.636924937030121   -69.5617851359045
-0.746670745903409   -69.6249072356368
-0.806729548730062   -69.5640874281462
-0.839166433176913   -69.572675591757
-0.868067238037089   -69.5257652981257
-0.925137224156729   -69.5279953658185
-0.957969986516654   -69.4707557040612
-0.99432689453245   -69.4586377902046
-0.998273135881367   -69.4186060763668
-1.03350670828803   -69.4429211354882
-1.04365393756744   -69.4185356484485
-1.07017182440939   -69.4195984452612
-1.07139861898438   -69.4328666518391
-1.12554800239102   -69.3952342482937
-1.22172614798092   -69.429886311221
-1.36507992011932   -69.39730288873
-1.4009212387151   -69.4359892855983
-1.4542038955939   -69.4326302152564
-1.49118627482396   -69.4565886432099
-1.53246888936106   -69.4508869462701
-2.51634599306335   -69.629732815136
-3.50022309676563   -69.8085786840019
-4.22305649224506   -69.9399729060784
-4.23168319540808   -69.9479256014572
-4.22323011305071   -69.9496947435778
-4.08269855809598   -70.0618735714812
-4.03520583531775   -70.1263168235019
-3.93063577642387   -70.180319945122
-3.89672611218014   -70.2476112159194
-3.82376422237057   -70.2840034053835
-3.80205903990315   -70.3547466323232
-3.86294279997737   -70.4533254159828
-3.88074988157313   -70.5148732181796
-3.81656534427611   -70.5774926206789
-3.84348383335396   -70.6164534528665
-3.79398819400883   -70.6851227393097
-3.79651526014443   -70.713192127498
-2.95241477889226   -70.1770071057473
-2.79036982452513   -70.0740737710179
-2.75727042925045   -70.0588268453636
-2.6550785516286   -70.0808955772855
-2.65570660739415   -70.0987977432566
-2.69716421844028   -70.1145012825698
-2.70375968299974   -70.1355442282688
-2.69088269208975   -70.1603558760792
-2.63654820575245   -70.1653810517786
-2.63246528097989   -70.1804564890452
-2.65853325819316   -70.1961600283584
-2.64534225557911   -70.2190873700288
-2.55206282152001   -70.2467258363754
-2.57718848154582   -70.3145654388222
-2.56808048908011   -70.3535102809977
-2.5426406394449   -70.3481711441065
-2.52065555002784   -70.2950929279029
-2.50149708895978   -70.3029447424753
-2.49176087630826   -70.3679577060491
-2.5259948049112   -70.4112996218773
-2.524110353957   -70.4329705797914
-2.45407215609061   -70.4719155117984
-2.47637534897079   -70.5086055826108
-2.418406630581   -70.5704037452773
-2.42173721556403   -70.597764452538
-2.44894585484343   -70.5531656139643
-2.47208773843921   -70.5577008485077
-2.48460733559912   -70.6011310687283
-2.47466018077511   -70.6316869037915
-2.45867179164019   -70.6425071113887
-2.39576168548218   -70.6271682880809
-2.4129184039273   -70.6655040724937
-2.40318100809287   -70.6814743216148
-2.35496385102795   -70.6633941993859
-2.32875450391297   -70.7505264700321
-2.29783087781801   -70.7678142781804
-2.29465501087275   -70.8324863311039
-2.2215010555057   -70.8775059405567
-2.25529250984459   -70.9415356082206
-2.2127415877219   -70.9780997352301
-2.21019640160189   -71.0008421137836
-2.2292973986354   -71.0204112834274
-2.30657861246863   -70.9938923874195
-2.26489799362933   -71.0460774087361
-2.28588233969172   -71.1326937769146
-2.2968453204066   -71.1433368367379
-2.33882443350892   -71.1288181752844
-2.33290837768357   -71.1615764997612
-2.38221788958932   -71.1761966708418
-2.38237495889496   -71.1936652200252
-2.33679269946241   -71.2319667786258
-2.38942142851511   -71.2809102292396
-2.34842944415758   -71.275588699328
-2.33626825022924   -71.2963530774574
-2.37913062143657   -71.3166157465006
-2.37947375129954   -71.3535229401171
-2.41049743454922   -71.3932198518484
-2.39199411824692   -71.4069096377893
-2.35511850002157   -71.3918033883085
-2.27999245296762   -71.452743210721
-2.27620554591893   -71.4951004831663
-2.33414370375405   -71.4792056925291
-2.35595295805021   -71.496381750256
-2.30124477880321   -71.520007891386
-2.24911741347949   -71.5202061495692
-2.23903697974638   -71.5991661765812
-2.19991417872796   -71.6523622517501
-2.23094850826421   -71.7209437727901
-2.15597421944513   -71.7189900268787
-2.14098469545914   -71.734453716011
-2.14930731961431   -71.7501859115818
-2.16986888621605   -71.7462841689768
-2.17638731129139   -71.7823331121708
-2.20482585966173   -71.7965476939006
-2.18737893777422   -71.8289353734912
-2.31414884487015   -71.8870930236374
-2.31611077970585   -71.9393169420057
-2.38067421150045   -71.922408672065
-2.35580136083984   -71.944899702002
-2.3705649127981   -72.0054165077473
-2.33573715879009   -72.0449749890933
-2.41000272121384   -72.1289174319972
-2.47994371019953   -72.1573024881763
-2.42648406360447   -72.1713787293524
-2.44876330437931   -72.2164757735827
-2.43224346162636   -72.259325053309
-2.459568023173   -72.2592084519852
-2.45276325398021   -72.2801234775877
-2.47022905757099   -72.2884628078647
-2.49078129190051   -72.3685566884284
-2.4141521327163   -72.4080388129753
-2.43367085440928   -72.448550945827
-2.40108420806623   -72.5663106472646
-2.37004038651468   -72.5915447727531
-2.35849259033059   -72.6351931937563
-2.39182259976465   -72.6380650178881
-2.45196502410225   -72.681165825894
-2.38641064661073   -72.7116626416431
-2.42766814779801   -72.7444950771308
-2.38530515082161   -72.7771107491405
-2.43967353429233   -72.8572765847584
-2.43474391101684   -72.8959700783174
-2.45719255057561   -72.9309321498492
-2.41820379213565   -72.9313323493083
-2.38601240973853   -72.9562769477808
-2.3370075772878   -72.9525714870653
-2.36033392180971   -73.0028683394862
-2.31368084519035   -73.0327372328517
-2.35741821738856   -73.0435520505572
-2.36102001125804   -73.0581432060541
-2.32423871519165   -73.096201051718
-2.32723105177241   -73.119598032619
-2.28898166094702   -73.1156498471138
-2.23674901026264   -73.1652785326264
-2.18624761553588   -73.1680861272154
-2.18331872305719   -73.1309275849824
-2.13065603989148   -73.1165080975363
-2.09325926277181   -73.0693011801981
-2.07181573750708   -73.1135899203358
-2.04162279189355   -73.0921322224701
-1.99157165552481   -73.1300612497223
-1.88584589737333   -73.1082683005927
-1.85925263647727   -73.152385282848
-1.80540965344004   -73.1462501487836
-1.78856393042269   -73.1944424281568
-1.74858594544033   -73.2177882949182
-1.80263325971167   -73.2354693854979
-1.80640790431104   -73.2560688329411
-1.78238715043145   -73.2466274494735
-1.77747555714806   -73.2999390479879
-1.82219281900061   -73.3010440656189
-1.82751165005288   -73.3151203067949
-1.77209238131161   -73.3867030991991
-1.79050505105217   -73.4278159354813
-1.74189408692485   -73.4543376162666
-1.70064967204075   -73.5386020153683
-1.63019089752749   -73.5102992448692
-1.57534488511635   -73.457266483419
-1.57080875565809   -73.4903328402067
-1.52345803960961   -73.4778552409103
-1.50984803263168   -73.4962016237894
-1.48362446991928   -73.4908694937574
-1.47327429401386   -73.5245917105341
-1.43233613957878   -73.5360483745101
-1.42822834604182   -73.5798865197013
-1.4132876692897   -73.5765605073618
-1.41693443543315   -73.5523774107557
-1.36154649912709   -73.5779341212628
-1.32174300347055   -73.5687393253406
-1.31872914749731   -73.6110644380987
-1.26377914746355   -73.6194007141038
-1.26724382287214   -73.6484866358676
-1.24062135019239   -73.6739246789257
-1.24836560589634   -73.7269358808091
-1.20048304333398   -73.7439302991856
-1.26158033620984   -73.7701945228105
-1.23944133015727   -73.7830690876309
-1.24948104842818   -73.8102455504268
-1.22931562483971   -73.8613467543531
-1.11646112684069   -73.9120722828276
-1.13114611582426   -73.9581637620774
-1.09779609329926   -73.9498916257836
-1.08177035300624   -73.964794137358
-1.10643161724474   -73.9784197835875
-1.09887989118827   -74.0060572617872
-1.06203314956008   -74.0268498470165
-1.00568355284215   -74.0180734863537
-1.05356931813982   -74.0649371574218
-1.00573717400303   -74.1727295117929
-1.0084297275782   -74.2252688286575
-0.97880334358292   -74.2725820166938
-0.941148109377166   -74.2621760222741
-0.899061088651521   -74.2793335747062
-0.880732727111481   -74.3204583585816
-0.865143825707493   -74.3015401081927
-0.880632397147481   -74.2702550207818
-0.841253354496309   -74.2656092934585
-0.820763500994092   -74.2433898242319
-0.828187038667969   -74.2794709271131
-0.81567856688798   -74.2922168531849
-0.779010822372787   -74.279073781926
-0.793354129741868   -74.3125049445506
-0.75422942061072   -74.315734387997
-0.758349005087452   -74.3443695351513
-0.72796757388946   -74.3751291979524
-0.677502851024073   -74.3378787580659
-0.653729373705134   -74.3739063213562
-0.630127441504645   -74.3595080341508
-0.541905017422957   -74.3923006742715
-0.559921604294445   -74.4204478565634
-0.499334716242462   -74.422356417216
-0.472673139047915   -74.4736724981583
-0.487655254176518   -74.4970088427776
-0.461906918963225   -74.4978670932
-0.458602752463403   -74.5371432340523
-0.407689944517311   -74.5537077187338
-0.377606162264878   -74.6163221804991
-0.352046466695589   -74.6080737597287
-0.374482158487233   -74.6603699924775
-0.331104145258267   -74.6791415479806
-0.349471494186595   -74.7083239488059
-0.342785725024664   -74.7283825206165
-0.29694406419705   -74.7285800601475
-0.189141646339232   -74.7910647153542
-0.201345188596728   -74.8291643326789
-0.239103256349591   -74.8579349457779
-0.235576141479938   -74.8953597486612
-0.20193888149137   -74.9142496122872
-0.227823025326595   -74.9235307363081
-0.15498012826957   -74.9726843926984
-0.148687002646567   -75.0119323264508
-0.081799304342834   -75.0774504127089
-0.0404832037311161   -75.176272909305
-0.0492380021350673   -75.2112918441943
-0.111722592603234   -75.2483706160301
-0.115633041169089   -75.257499924768
-0.119787650758017   -75.2619006815134
-0.123738971443167   -75.2784114469409
-0.106572829919894   -75.2984958004002
-0.107306572565899   -75.3298316426246
-0.0918099387045296   -75.3551440113744
-0.0971314613805982   -75.393252791515
-0.0864879660793468   -75.4284608217716
-0.0519845102129459   -75.4648355839192
-0.0475213222391735   -75.4902415571216
-0.018884832718464   -75.5300512972527
-0.0265787228525797   -75.5745273361271
-0.0180269416666514   -75.5821274427568
0.0142765653366599   -75.5819087029852
0.0166798281283981   -75.6095461811848
0.0470925565002018   -75.6333614176821
0.0312709823084047   -75.6521182408145
0.0418983194324536   -75.6716729475823
0.0369358473157999   -75.7525400979425
0.0556468501786717   -75.7875590328318
0.0508404163277101   -75.8066133779863
0.0752162764611888   -75.8143383504406
0.132488360766636   -75.8545844921367
0.118396792208157   -75.8782745034834
0.138809069051294   -75.8819884083625
0.139542181991835   -75.9054750411289
0.162248369377559   -75.8977656993605
0.173234718202863   -75.9169918023974
0.196065551929708   -75.9312397116242
0.203103629812591   -75.9545855783855
0.212623104052612   -75.9585494844083
0.219583021701158   -75.9509808188134
0.238293971133243   -75.9592205259255
0.247925351403277   -76.0054296844775
0.255459898144743   -76.0026508359777
0.256318229838451   -75.9823948144676
0.267007171921543   -75.996121251672
0.296486468527388   -76.0036808442824
0.306957715093317   -76.0381846851878
0.330131735152685   -76.0531192666178
0.335967990949543   -76.0678820901655
0.334938090128155   -76.0860782747291
0.317943857812418   -76.09654957667
0.315883962545218   -76.1133724168272
0.371158013152613   -76.1329417661341
0.388252128407514   -76.1584917392766
0.371672916654686   -76.1813502699963
0.38644278311044   -76.2087779915771
0.376829765191606   -76.2264368039378
0.401698061549201   -76.2313202254853
0.400948705321965   -76.2574301185443
0.424956725345765   -76.2593223298588
0.436060756591802   -76.2738902189898
0.421222530521721   -76.2968783766051
0.433885818302896   -76.3142100225392
0.413400388178858   -76.3311504521672
0.387215675965558   -76.3344410708844
0.380278591784787   -76.3448467958095
0.394314088075893   -76.3700541515026
0.379616278488551   -76.4113609340546
0.240653465449074   -76.4126993339964
0.235738286017222   -76.4267506918391
0.252347176417839   -76.4239331259505
0.257735307940449   -76.4345857079157
0.254917680417309   -76.4447192433097
0.239445691149841   -76.4467706360925
0.236175402527744   -76.5034404066336
0.257982431972422   -76.5325349522241
0.24372046609221   -76.5671275466796
0.218659650173252   -76.5863415224601
0.261912161568844   -76.6255904443592
0.250838829766403   -76.652997414857
0.270671718951043   -76.655711674488
0.27869421105859   -76.7010728234118
0.268686284502872   -76.7122672691564
0.288618497019709   -76.7329498107634
0.263499467990737   -76.7673631014881
0.257117363093633   -76.7530504237293
0.248242184233991   -76.7560709190407
0.243521221563306   -76.7707188480635
0.262386197582511   -76.7852125363521
0.264371004232214   -76.797536883061
0.238960784785375   -76.8456344800034
0.251408535847479   -76.874511094306
0.246029654271402   -76.9075900275077
0.261704652904587   -76.9353438375367
0.271390902121   -76.9284450456492
0.276764203344907   -76.9332672020944
0.268389394562362   -76.9456706005483
0.266002956128859   -76.9857175857459
0.294348776060888   -77.0066914509995
0.277373703138648   -77.0274407374321
0.29109305446685   -77.0453543120073
0.284300888402559   -77.0761086747483
0.301764987030043   -77.0891052307844
0.317186499829535   -77.0816171440705
0.344772493175174   -77.1073106679954
0.372329930605199   -77.1133082699898
0.375610418312134   -77.1485357038566
0.389524113550002   -77.1660306635094
0.388277100999018   -77.1848440805047
0.367646931008437   -77.2002368925612
0.36263542164204   -77.2152064184557
0.361599415316438   -77.2451865232533
0.37001600881996   -77.2614811540235
0.363221291116645   -77.2875798181415
0.388654833893904   -77.3264574663337
0.400755662091904   -77.3708096275305
0.39542788274524   -77.3827920754423
0.385166306030538   -77.3793922215865
0.387642365970464   -77.3890583635382
0.421000023835799   -77.4202061883736
0.434512285392866   -77.4188107454113
0.438737388646331   -77.4307825932027
0.401242447222145   -77.5264605371468
0.452647200273847   -77.5176149163756
0.470620109027168   -77.5247264293223
0.494973559719829   -77.5156666501874
0.530696330360102   -77.5212174301595
0.565090261337275   -77.5090534327288
0.584972480543142   -77.4880842387146
0.604999968618778   -77.4808210901479
0.655921030023215   -77.4796233663796
0.6620910597301   -77.4913790795137
0.650276293681155   -77.55983519574
0.694578780024171   -77.6226994789858
0.705265958125736   -77.6662034508912
0.737206709955299   -77.6753850415787
0.741574314489539   -77.6978978107455
0.769142831320731   -77.6884911022479
0.789916784933225   -77.6612339707395
0.792315417400814   -77.6768793890538
0.81773828439768   -77.6647019168938
0.850824668763311   -77.7134960675075
0.833229111690884   -77.7461496484221
0.841847256494521   -77.7643183445381
0.831147575430246   -77.8034986351495
0.807880535671897   -77.8197804200111
0.802178054182835   -77.842696442909
0.816397415694365   -77.9361935468378
0.825322789103454   -77.9639168141471
0.853326379824977   -77.984666998895
0.8748648119117   -78.0213666816809
0.897388361670107   -78.0708393298286
0.896852761927728   -78.0878606078321
0.911342220660124   -78.1046482340302
0.932248162217756   -78.1117680114776
0.936066572583386   -78.1353677421382
0.924462946715755   -78.1529121091317
0.937626198730987   -78.1850461943175
0.950001956586815   -78.2005785147376
0.970015497842643   -78.1920797334976
1.00219413369633   -78.2063960943491
1.01536157425329   -78.2349776120809
1.02843797650062   -78.2400963922328
1.02837627218157   -78.25025714658
1.05585208944021   -78.2818296948818
1.07244605093576   -78.2774354958379
1.07961558815662   -78.252053058496
1.09950527301825   -78.2510701219121
1.09965265941064   -78.2644814301148
1.11170338084498   -78.2646903782499
1.11142477588241   -78.2822162399485
1.12010408947667   -78.2795971119061
1.14879586456345   -78.298504133354
1.17033727473825   -78.2947056071752
1.17250310930348   -78.3043685151918
1.191145652688   -78.3105827010013
1.1958271950923   -78.3248935821295
1.17876727002128   -78.3375718650604
1.18348206396287   -78.3448357322793
1.17453566021753   -78.374174080638
1.1527296919382   -78.3948198811498
1.16001839506719   -78.4175609122304
1.15243806798097   -78.4251246370911
1.13962652306405   -78.4152617640922
1.13992452510218   -78.4296333713337
1.15870155482785   -78.438114186268
1.17103736533959   -78.4263354762626
1.18981005637952   -78.4320843347548
1.19431000117125   -78.4390224728517
1.17611223110299   -78.4551587306373
1.1937048477593   -78.478689111358
1.18535025034816   -78.4895809146834
1.19791038279812   -78.4952012242585
1.18740416718806   -78.5157712069604
1.21282719973707   -78.5143940896298
1.2266735678732   -78.5469898190402
1.23610208346109   -78.5413865774555
1.24911435348384   -78.5514023437158
1.25261030227034   -78.6068849007773
1.24630616723799   -78.6155813113799
1.27695697764073   -78.6483824854957
1.28865145840854   -78.646018478994
1.31850498737913   -78.6619987892463
1.31784058960259   -78.671377290644
1.33276767338064   -78.6846782857299
1.32974125780117   -78.6942898999438
1.35892550476121   -78.7095177813141
1.37990684520405   -78.7472170633767
1.3803757   -78.7471357
1.39236769999998   -78.7780377
1.41498209999999   -78.7796276
1.4076256   -78.7732682
1.40635409999998   -78.7605721
1.41545889999999   -78.76918
1.42220239999998   -78.7837157
1.40937389999998   -78.7924372
1.44717289999999   -78.7839535
1.45863900731078   -78.8167212461858
1.45556209999999   -78.8164594
1.450441   -78.8330333
1.4573696   -78.8338515
